,episode,reward,epochs,epsilon,abs_size,rate,success
0,1,436.299404244765,217,0.9,4,0.0,False
1,2,403.123930333089,214,0.81,4,0.0,False
2,3,332.065732189885,229,0.7290000000000001,4,0.0,False
3,4,233.55399499793987,222,0.6561000000000001,4,0.0,False
4,5,439.37330094259244,210,0.5904900000000002,4,0.0,False
5,6,253.1143634019985,224,0.5314410000000002,4,0.0,False
6,7,276.3394072172582,201,0.47829690000000014,4,0.0,False
7,8,200.85413177352,216,0.43046721000000016,4,0.0,False
8,9,287.0478078240645,79,0.38742048900000015,4,0.111,True
9,10,336.99139640675867,76,0.34867844010000015,4,0.2,True
10,11,273.2629667884438,217,0.31381059609000017,4,0.182,False
11,12,276.810044309334,201,0.28242953648100017,4,0.167,False
12,13,253.69995786119233,226,0.25418658283290013,4,0.154,False
13,14,457.47906624970204,181,0.22876792454961012,4,0.214,True
14,15,503.6505227388233,232,0.2058911320946491,4,0.2,False
15,16,257.26413372054793,226,0.1853020188851842,4,0.188,False
16,17,281.9332535456982,81,0.16677181699666577,4,0.235,True
17,18,334.93693539695823,81,0.1500946352969992,4,0.278,True
18,19,365.03477235781054,249,0.13508517176729928,4,0.263,False
19,20,364.51008463734786,249,0.12157665459056936,4,0.25,False
20,21,162.35495488902075,211,0.10941898913151243,4,0.238,False
21,22,288.8057701304786,235,0.0984770902183612,4,0.227,False
22,23,143.72692151259676,212,0.08862938119652508,4,0.217,False
23,24,160.30559733510586,211,0.07976644307687257,4,0.208,False
24,25,159.0080735029244,211,0.07178979876918531,4,0.2,False
25,26,242.56445914013295,222,0.06461081889226679,4,0.192,False
26,27,240.3189946349563,222,0.05814973700304011,4,0.185,False
27,28,319.8773358732053,241,0.0523347633027361,4,0.179,False
28,29,271.58539641851075,228,0.04710128697246249,4,0.172,False
29,30,274.8270956991355,228,0.042391158275216244,4,0.167,False
30,31,232.7045343959324,220,0.03815204244769462,4,0.161,False
31,32,166.17892589342648,212,0.03433683820292516,4,0.156,False
32,33,195.26329843685366,215,0.030903154382632643,4,0.152,False
33,34,289.8277869868793,208,0.02781283894436938,4,0.147,False
34,35,196.70207689452204,215,0.025031555049932444,4,0.143,False
35,36,339.3189035282879,248,0.0225283995449392,4,0.139,False
36,37,282.95850756309824,204,0.020275559590445278,4,0.135,False
37,38,325.26707542223744,243,0.01824800363140075,4,0.132,False
38,39,170.4588804489946,212,0.016423203268260675,4,0.128,False
39,40,290.8097817330623,201,0.014780882941434608,4,0.125,False
40,41,286.14067298765275,231,0.013302794647291147,4,0.122,False
41,42,364.1373822047378,251,0.011972515182562033,4,0.119,False
42,43,172.3734667742507,212,0.01077526366430583,4,0.116,False
43,44,195.76213480069404,215,0.009697737297875247,4,0.114,False
44,45,151.37613075558318,210,0.009697737297875247,4,0.111,False
45,46,302.6049179744075,235,0.009697737297875247,4,0.109,False
46,47,278.9379732004136,202,0.009697737297875247,4,0.106,False
47,48,140.09246637459134,209,0.009697737297875247,4,0.104,False
48,49,232.67855458227842,220,0.009697737297875247,4,0.102,False
49,50,273.64949624286976,200,0.009697737297875247,4,0.1,False
50,51,128.50520043199054,208,0.009697737297875247,4,0.098,False
51,52,272.1658676530815,228,0.009697737297875247,4,0.096,False
52,53,290.7675484730864,200,0.009697737297875247,4,0.094,False
53,54,175.75969481437917,213,0.009697737297875247,4,0.093,False
54,55,320.7556652525439,241,0.009697737297875247,4,0.091,False
55,56,339.7450479692955,248,0.009697737297875247,4,0.089,False
56,57,192.56668349445667,215,0.009697737297875247,4,0.088,False
57,58,326.71697298305224,243,0.009697737297875247,4,0.086,False
58,59,333.4531445251837,246,0.009697737297875247,4,0.085,False
59,60,164.60612526164027,211,0.009697737297875247,4,0.083,False
60,61,145.0471232382405,210,0.009697737297875247,4,0.082,False
61,62,275.9923861877991,229,0.009697737297875247,4,0.081,False
62,63,148.6463173655501,210,0.009697737297875247,4,0.079,False
63,64,269.689637502856,227,0.009697737297875247,4,0.078,False
64,65,166.9713369268253,212,0.009697737297875247,4,0.077,False
65,66,275.2152915715943,200,0.009697737297875247,4,0.076,False
66,67,291.03790201013925,200,0.009697737297875247,4,0.075,False
67,68,159.9914335925189,211,0.009697737297875247,4,0.074,False
68,69,243.61133954552537,224,0.009697737297875247,4,0.072,False
69,70,300.23133932996984,235,0.009697737297875247,4,0.071,False
70,71,294.47558570902305,233,0.009697737297875247,4,0.07,False
71,72,243.3371085449586,222,0.009697737297875247,4,0.069,False
72,73,163.02477589517935,211,0.009697737297875247,4,0.068,False
73,74,187.3947849409828,214,0.009697737297875247,4,0.068,False
74,75,364.889105311502,249,0.009697737297875247,4,0.067,False
75,76,188.86462379086282,214,0.009697737297875247,4,0.066,False
76,77,279.04042077637257,229,0.009697737297875247,4,0.065,False
77,78,197.77165578781555,215,0.009697737297875247,4,0.064,False
78,79,363.5102676275189,251,0.009697737297875247,4,0.063,False
79,80,234.43848962601825,221,0.009697737297875247,4,0.062,False
80,81,363.7695030192847,250,0.009697737297875247,4,0.062,False
81,82,194.66085029963855,215,0.009697737297875247,4,0.061,False
82,83,297.00135316165085,234,0.009697737297875247,4,0.06,False
83,84,168.82505201715378,212,0.009697737297875247,4,0.06,False
84,85,155.5600349361192,210,0.009697737297875247,4,0.059,False
85,86,300.6535452776586,235,0.009697737297875247,4,0.058,False
86,87,317.79445864356217,240,0.009697737297875247,4,0.057,False
87,88,286.8466782936359,231,0.009697737297875247,4,0.057,False
88,89,182.75992794949258,213,0.009697737297875247,4,0.056,False
89,90,245.6093670498127,222,0.009697737297875247,4,0.056,False
90,91,201.25381930669226,216,0.009697737297875247,4,0.055,False
91,92,364.2993542180399,251,0.009697737297875247,4,0.054,False
92,93,295.77081895589924,234,0.009697737297875247,4,0.054,False
93,94,200.4862838017636,216,0.009697737297875247,4,0.053,False
94,95,336.68709342267255,247,0.009697737297875247,4,0.053,False
95,96,258.7343025885637,225,0.009697737297875247,4,0.052,False
96,97,237.12125260985906,221,0.009697737297875247,4,0.052,False
97,98,363.70263600731295,251,0.009697737297875247,4,0.051,False
98,99,170.9199520521439,212,0.009697737297875247,4,0.051,False
99,100,188.5544957047327,214,0.009697737297875247,4,0.05,False
100,101,325.2422175692511,243,0.009697737297875247,4,0.05,False
101,102,365.2350156986157,249,0.009697737297875247,4,0.049,False
102,103,238.47106667576574,221,0.009697737297875247,4,0.049,False
103,104,192.06995114727164,214,0.009697737297875247,4,0.048,False
104,105,152.71886330292898,210,0.009697737297875247,4,0.048,False
105,106,189.19370382063192,214,0.009697737297875247,4,0.047,False
106,107,250.35823411144065,223,0.009697737297875247,4,0.047,False
107,108,181.1349483210243,213,0.009697737297875247,4,0.046,False
108,109,180.5425794856738,213,0.009697737297875247,4,0.046,False
109,110,192.996579140541,215,0.009697737297875247,4,0.045,False
110,111,364.4033675431276,250,0.009697737297875247,4,0.045,False
111,112,216.5358631981535,218,0.009697737297875247,4,0.045,False
112,113,364.4778654095719,250,0.009697737297875247,4,0.044,False
113,114,272.70295593508035,228,0.009697737297875247,4,0.044,False
114,115,194.9184844186819,215,0.009697737297875247,4,0.043,False
115,116,144.88396004479134,209,0.009697737297875247,4,0.043,False
116,117,222.6498179396962,219,0.009697737297875247,4,0.043,False
117,118,313.98296280399643,239,0.009697737297875247,4,0.042,False
118,119,363.8317530789415,251,0.009697737297875247,4,0.042,False
119,120,237.4408269153266,221,0.009697737297875247,4,0.042,False
120,121,146.86100919925946,210,0.009697737297875247,4,0.041,False
121,122,257.21461841079855,225,0.009697737297875247,4,0.041,False
122,123,326.6638486357289,243,0.009697737297875247,4,0.041,False
123,124,274.7470261009586,200,0.009697737297875247,4,0.04,False
124,125,263.19214281053263,226,0.009697737297875247,4,0.04,False
125,126,240.0530669514412,221,0.009697737297875247,4,0.04,False
126,127,138.27212382919376,209,0.009697737297875247,4,0.039,False
127,128,337.56504611404387,247,0.009697737297875247,4,0.039,False
128,129,321.2725180552282,241,0.009697737297875247,4,0.039,False
129,130,281.44680125783213,203,0.009697737297875247,4,0.038,False
130,131,153.22419431186415,210,0.009697737297875247,4,0.038,False
131,132,316.2446567008153,240,0.009697737297875247,4,0.038,False
132,133,311.52051764195767,238,0.009697737297875247,4,0.038,False
133,134,290.7764003845865,201,0.009697737297875247,4,0.037,False
134,135,233.42483180288383,220,0.009697737297875247,4,0.037,False
135,136,215.90366254902892,218,0.009697737297875247,4,0.037,False
136,137,314.8688399347096,239,0.009697737297875247,4,0.036,False
137,138,150.93659890872357,210,0.009697737297875247,4,0.036,False
138,139,260.3643849683429,225,0.009697737297875247,4,0.036,False
139,140,144.67704174780798,212,0.009697737297875247,4,0.036,False
140,141,267.32334402812245,227,0.009697737297875247,4,0.035,False
141,142,230.95219113031618,220,0.009697737297875247,4,0.035,False
142,143,290.47811750108394,202,0.009697737297875247,4,0.035,False
143,144,285.53689182078796,231,0.009697737297875247,4,0.035,False
144,145,203.92037157147405,216,0.009697737297875247,4,0.034,False
145,146,161.64479847023017,211,0.009697737297875247,4,0.034,False
146,147,317.5561121415519,240,0.009697737297875247,4,0.034,False
147,148,172.12478840879032,212,0.009697737297875247,4,0.034,False
148,149,142.75558438737923,209,0.009697737297875247,4,0.034,False
149,150,364.64650411615173,249,0.009697737297875247,4,0.033,False
150,151,151.10153109190276,210,0.009697737297875247,4,0.033,False
151,152,193.36355397937572,215,0.009697737297875247,4,0.033,False
152,153,313.36007429049766,239,0.009697737297875247,4,0.033,False
153,154,277.5462627453902,229,0.009697737297875247,4,0.032,False
154,155,156.43895521091167,211,0.009697737297875247,4,0.032,False
155,156,364.68106055399426,250,0.009697737297875247,4,0.032,False
156,157,147.4808713653182,210,0.009697737297875247,4,0.032,False
157,158,143.65119557576824,209,0.009697737297875247,4,0.032,False
158,159,267.3210632560627,227,0.009697737297875247,4,0.031,False
159,160,239.47989102430276,221,0.009697737297875247,4,0.031,False
160,161,251.8354463029185,224,0.009697737297875247,4,0.031,False
161,162,172.46025151248307,212,0.009697737297875247,4,0.031,False
162,163,297.58087990743786,234,0.009697737297875247,4,0.031,False
163,164,280.2538714600376,230,0.009697737297875247,4,0.03,False
164,165,244.42080356145436,222,0.009697737297875247,4,0.03,False
165,166,280.0792542775047,203,0.009697737297875247,4,0.03,False
166,167,364.26804367909233,249,0.009697737297875247,4,0.03,False
167,168,290.1396943817848,203,0.009697737297875247,4,0.03,False
168,169,269.6129499584318,227,0.009697737297875247,4,0.03,False
169,170,146.91802139923664,210,0.009697737297875247,4,0.029,False
170,171,317.64112061916944,240,0.009697737297875247,4,0.029,False
171,172,127.30031371744104,208,0.009697737297875247,4,0.029,False
172,173,230.35472763160925,220,0.009697737297875247,4,0.029,False
173,174,294.2977420163688,233,0.009697737297875247,4,0.029,False
174,175,168.5020594682543,212,0.009697737297875247,4,0.029,False
175,176,309.83970067439344,238,0.009697737297875247,4,0.028,False
176,177,143.1498286593355,209,0.009697737297875247,4,0.028,False
177,178,224.78334442467295,219,0.009697737297875247,4,0.028,False
178,179,365.0395991698841,249,0.009697737297875247,4,0.028,False
179,180,319.7635028585848,241,0.009697737297875247,4,0.028,False
180,181,194.7259771073876,215,0.009697737297875247,4,0.028,False
181,182,243.19191755509803,222,0.009697737297875247,4,0.027,False
182,183,284.5470121474065,205,0.009697737297875247,4,0.027,False
183,184,144.6015563359483,209,0.009697737297875247,4,0.027,False
184,185,480.04920422872544,183,0.009697737297875247,4,0.032,True
185,186,207.11811749901082,216,0.009697737297875247,4,0.032,False
186,187,204.74213598648765,216,0.009697737297875247,4,0.032,False
187,188,290.83544786563164,201,0.009697737297875247,4,0.032,False
188,189,271.59913251408125,228,0.009697737297875247,4,0.032,False
189,190,178.58234453230673,213,0.009697737297875247,4,0.032,False
190,191,364.74673926821004,249,0.009697737297875247,4,0.031,False
191,192,268.7747957889629,227,0.009697737297875247,4,0.031,False
192,193,236.89382595089248,221,0.009697737297875247,4,0.031,False
193,194,259.967644933058,225,0.009697737297875247,4,0.031,False
194,195,324.9003389052116,243,0.009697737297875247,4,0.031,False
195,196,325.896468426293,243,0.009697737297875247,4,0.031,False
196,197,145.06353478928202,210,0.009697737297875247,4,0.03,False
197,198,290.7328988029623,200,0.009697737297875247,4,0.03,False
198,199,193.7367233735275,215,0.009697737297875247,4,0.03,False
199,200,171.61496520270578,212,0.009697737297875247,4,0.03,False
200,201,272.3171641543622,228,0.009697737297875247,4,0.03,False
201,202,233.89728427089523,220,0.009697737297875247,4,0.03,False
202,203,274.7126468751112,228,0.009697737297875247,4,0.03,False
203,204,175.4257550990324,213,0.009697737297875247,4,0.029,False
204,205,249.787588146678,223,0.009697737297875247,4,0.029,False
205,206,320.6921062965178,241,0.009697737297875247,4,0.029,False
206,207,364.7919373936022,250,0.009697737297875247,4,0.029,False
207,208,364.4405261031354,250,0.009697737297875247,4,0.029,False
208,209,364.33433828642615,250,0.009697737297875247,4,0.029,False
209,210,290.28342544129134,203,0.009697737297875247,4,0.029,False
210,211,216.73919005341577,218,0.009697737297875247,4,0.028,False
211,212,280.45776707526545,203,0.009697737297875247,4,0.028,False
212,213,198.46639335229688,215,0.009697737297875247,4,0.028,False
213,214,281.3493917510203,230,0.009697737297875247,4,0.028,False
214,215,240.63907712931962,222,0.009697737297875247,4,0.028,False
215,216,277.46426752994864,229,0.009697737297875247,4,0.028,False
216,217,238.40554610701494,221,0.009697737297875247,4,0.028,False
217,218,242.42421305332084,222,0.009697737297875247,4,0.028,False
218,219,267.9941792578434,227,0.009697737297875247,4,0.027,False
219,220,135.37308616167272,209,0.009697737297875247,4,0.027,False
220,221,145.1986189734306,210,0.009697737297875247,4,0.027,False
221,222,291.08091818643754,201,0.009697737297875247,4,0.027,False
222,223,175.90478919480213,213,0.009697737297875247,4,0.027,False
223,224,269.4146776674957,227,0.009697737297875247,4,0.027,False
224,225,364.1169355600143,250,0.009697737297875247,4,0.027,False
225,226,250.3246358448405,223,0.009697737297875247,4,0.027,False
226,227,218.3156622612687,218,0.009697737297875247,4,0.026,False
227,228,276.1995925779979,201,0.009697737297875247,4,0.026,False
228,229,296.13742252953796,234,0.009697737297875247,4,0.026,False
229,230,276.80378240920845,201,0.009697737297875247,4,0.026,False
230,231,141.0710976978239,209,0.009697737297875247,4,0.026,False
231,232,318.8841320876423,242,0.009697737297875247,4,0.026,False
232,233,220.7865685574534,218,0.009697737297875247,4,0.026,False
233,234,291.18822972057404,200,0.009697737297875247,4,0.026,False
234,235,279.8573339613971,203,0.009697737297875247,4,0.026,False
235,236,321.162328514218,241,0.009697737297875247,4,0.025,False
236,237,213.14166566995536,217,0.009697737297875247,4,0.025,False
237,238,159.2948273802233,211,0.009697737297875247,4,0.025,False
238,239,218.76332955296948,218,0.009697737297875247,4,0.025,False
239,240,275.5209628284587,229,0.009697737297875247,4,0.025,False
240,241,156.89726124321737,211,0.009697737297875247,4,0.025,False
241,242,159.12863369187676,211,0.009697737297875247,4,0.025,False
242,243,149.601944098962,210,0.009697737297875247,4,0.025,False
243,244,288.5382184204327,207,0.009697737297875247,4,0.025,False
244,245,223.5781810536586,219,0.009697737297875247,4,0.024,False
245,246,170.935104072713,212,0.009697737297875247,4,0.024,False
246,247,290.28411602387223,202,0.009697737297875247,4,0.024,False
247,248,134.85377606946847,209,0.009697737297875247,4,0.024,False
248,249,244.17728019668414,222,0.009697737297875247,4,0.024,False
249,250,244.40349380799728,222,0.009697737297875247,4,0.024,False
250,251,272.82153026890865,228,0.009697737297875247,4,0.024,False
251,252,284.8537579922706,205,0.009697737297875247,4,0.024,False
252,253,201.21404892564732,216,0.009697737297875247,4,0.024,False
253,254,194.1116759360883,215,0.009697737297875247,4,0.024,False
254,255,281.4153949840578,203,0.009697737297875247,4,0.024,False
255,256,148.35724138384091,210,0.009697737297875247,4,0.023,False
256,257,281.62541633714443,203,0.009697737297875247,4,0.023,False
257,258,299.3899414556506,235,0.009697737297875247,4,0.023,False
258,259,126.70868404153141,208,0.009697737297875247,4,0.023,False
259,260,135.94091970178985,209,0.009697737297875247,4,0.023,False
260,261,261.5616285388225,226,0.009697737297875247,4,0.023,False
261,262,364.0448166337798,251,0.009697737297875247,4,0.023,False
262,263,164.32264928264544,211,0.009697737297875247,4,0.023,False
263,264,260.4630226013249,225,0.009697737297875247,4,0.023,False
264,265,155.95322568763208,211,0.009697737297875247,4,0.023,False
265,266,160.5927073159603,211,0.009697737297875247,4,0.023,False
266,267,303.2463028292897,236,0.009697737297875247,4,0.022,False
267,268,188.54502622779677,214,0.009697737297875247,4,0.022,False
268,269,282.74211609656936,204,0.009697737297875247,4,0.022,False
269,270,332.0767189932559,245,0.009697737297875247,4,0.022,False
270,271,171.8164839544885,212,0.009697737297875247,4,0.022,False
271,272,163.71740037750556,211,0.009697737297875247,4,0.022,False
272,273,262.9487181303031,226,0.009697737297875247,4,0.022,False
273,274,307.5335237817022,237,0.009697737297875247,4,0.022,False
274,275,273.5679522677675,200,0.009697737297875247,4,0.022,False
275,276,218.1985480687972,218,0.009697737297875247,4,0.022,False
276,277,208.19799435454172,217,0.009697737297875247,4,0.022,False
277,278,128.2918742430948,208,0.009697737297875247,4,0.022,False
278,279,290.4584303266371,201,0.009697737297875247,4,0.022,False
279,280,364.0972101246009,250,0.009697737297875247,4,0.021,False
280,281,299.57946756191063,235,0.009697737297875247,4,0.021,False
281,282,291.4280080400173,232,0.009697737297875247,4,0.021,False
282,283,128.02711706668475,208,0.009697737297875247,4,0.021,False
283,284,333.68255710803214,246,0.009697737297875247,4,0.021,False
284,285,327.58548897096773,244,0.009697737297875247,4,0.021,False
285,286,242.0874638375359,222,0.009697737297875247,4,0.021,False
286,287,307.4782187578499,237,0.009697737297875247,4,0.021,False
287,288,210.3348351087885,217,0.009697737297875247,4,0.021,False
288,289,126.34999706047809,208,0.009697737297875247,4,0.021,False
289,290,312.730391324777,238,0.009697737297875247,4,0.021,False
290,291,291.405543156434,200,0.009697737297875247,4,0.021,False
291,292,290.2770055252129,204,0.009697737297875247,4,0.021,False
292,293,214.65009589888777,217,0.009697737297875247,4,0.02,False
293,294,239.90354774409772,221,0.009697737297875247,4,0.02,False
294,295,181.23208805224846,213,0.009697737297875247,4,0.02,False
295,296,169.89801597223834,212,0.009697737297875247,4,0.02,False
296,297,267.08279863731565,227,0.009697737297875247,4,0.02,False
297,298,171.00198292432526,212,0.009697737297875247,4,0.02,False
298,299,216.1073480711666,218,0.009697737297875247,4,0.02,False
299,300,228.86503593338404,220,0.009697737297875247,4,0.02,False
300,301,135.45343798276141,209,0.009697737297875247,4,0.02,False
301,302,184.15487765086567,214,0.009697737297875247,4,0.02,False
302,303,137.47848341834603,209,0.009697737297875247,4,0.02,False
303,304,290.9820801346565,201,0.009697737297875247,4,0.02,False
304,305,236.83727177972307,221,0.009697737297875247,4,0.02,False
305,306,199.53393035326903,215,0.009697737297875247,4,0.02,False
306,307,319.3303342346536,241,0.009697737297875247,4,0.02,False
307,308,204.30381015033907,216,0.009697737297875247,4,0.019,False
308,309,225.49183097553887,219,0.009697737297875247,4,0.019,False
309,310,284.5083852112786,231,0.009697737297875247,4,0.019,False
310,311,364.4636778975839,250,0.009697737297875247,4,0.019,False
311,312,297.0125656844551,234,0.009697737297875247,4,0.019,False
312,313,140.58429364620812,209,0.009697737297875247,4,0.019,False
313,314,283.0135842955786,230,0.009697737297875247,4,0.019,False
314,315,262.94092435879264,226,0.009697737297875247,4,0.019,False
315,316,363.9849486342634,251,0.009697737297875247,4,0.019,False
316,317,197.44243987153445,215,0.009697737297875247,4,0.019,False
317,318,228.68901281993004,220,0.009697737297875247,4,0.019,False
318,319,174.68667173375127,212,0.009697737297875247,4,0.019,False
319,320,190.02510671270414,214,0.009697737297875247,4,0.019,False
320,321,193.97961452160948,215,0.009697737297875247,4,0.019,False
321,322,132.47383691655983,208,0.009697737297875247,4,0.019,False
322,323,226.41742478399956,219,0.009697737297875247,4,0.019,False
323,324,205.1737809204844,216,0.009697737297875247,4,0.019,False
324,325,176.8263439796747,213,0.009697737297875247,4,0.018,False
325,326,314.81095385411516,239,0.009697737297875247,4,0.018,False
326,327,140.49059484412416,209,0.009697737297875247,4,0.018,False
327,328,240.93743848004362,222,0.009697737297875247,4,0.018,False
328,329,363.80632815891903,251,0.009697737297875247,4,0.018,False
329,330,173.0891375620091,212,0.009697737297875247,4,0.018,False
330,331,364.86164500238397,250,0.009697737297875247,4,0.018,False
331,332,293.6281907858019,233,0.009697737297875247,4,0.018,False
332,333,141.88547871843318,209,0.009697737297875247,4,0.018,False
333,334,158.75897185571944,211,0.009697737297875247,4,0.018,False
334,335,290.1600193095395,203,0.009697737297875247,4,0.018,False
335,336,330.6424595803838,245,0.009697737297875247,4,0.018,False
336,337,277.7402938282876,202,0.009697737297875247,4,0.018,False
337,338,288.86269199450635,207,0.009697737297875247,4,0.018,False
338,339,209.99990874739578,217,0.009697737297875247,4,0.018,False
339,340,365.1839726789857,249,0.009697737297875247,4,0.018,False
340,341,132.8771768427569,208,0.009697737297875247,4,0.018,False
341,342,128.31851018623553,208,0.009697737297875247,4,0.018,False
342,343,251.04827326776558,223,0.009697737297875247,4,0.017,False
343,344,277.8472941486574,203,0.009697737297875247,4,0.017,False
344,345,171.12349066278387,212,0.009697737297875247,4,0.017,False
345,346,143.92458237514936,209,0.009697737297875247,4,0.017,False
346,347,217.1120034669757,218,0.009697737297875247,4,0.017,False
347,348,153.06995491287478,210,0.009697737297875247,4,0.017,False
348,349,431.88926504071554,174,0.009697737297875247,4,0.02,True
349,350,167.33891455692049,212,0.009697737297875247,4,0.02,False
350,351,265.6499138737328,226,0.009697737297875247,4,0.02,False
351,352,149.4813726057181,210,0.009697737297875247,4,0.02,False
352,353,192.4497760967059,215,0.009697737297875247,4,0.02,False
353,354,296.57041807571784,234,0.009697737297875247,4,0.02,False
354,355,184.49935790703734,214,0.009697737297875247,4,0.02,False
355,356,364.8814790300096,250,0.009697737297875247,4,0.02,False
356,357,183.98940587430246,214,0.009697737297875247,4,0.02,False
357,358,285.79445864449934,231,0.009697737297875247,4,0.02,False
358,359,214.22026334808888,217,0.009697737297875247,4,0.019,False
359,360,155.06975236005115,213,0.009697737297875247,4,0.019,False
360,361,254.09087149038658,224,0.009697737297875247,4,0.019,False
361,362,328.45196155891756,244,0.009697737297875247,4,0.019,False
362,363,259.4332141429592,227,0.009697737297875247,4,0.019,False
363,364,261.6521918088094,226,0.009697737297875247,4,0.019,False
364,365,239.29557881979255,221,0.009697737297875247,4,0.019,False
365,366,329.79567279132027,244,0.009697737297875247,4,0.019,False
366,367,181.5712295752483,213,0.009697737297875247,4,0.019,False
367,368,235.69970410439984,221,0.009697737297875247,4,0.019,False
368,369,275.21899768572166,228,0.009697737297875247,4,0.019,False
369,370,262.2799019895521,226,0.009697737297875247,4,0.019,False
370,371,190.7666488848858,214,0.009697737297875247,4,0.019,False
371,372,323.2519422383309,242,0.009697737297875247,4,0.019,False
372,373,181.6522220836951,213,0.009697737297875247,4,0.019,False
373,374,315.9837606222716,240,0.009697737297875247,4,0.019,False
374,375,189.607768521972,214,0.009697737297875247,4,0.019,False
375,376,229.80016038211744,220,0.009697737297875247,4,0.019,False
376,377,318.9626867810131,241,0.009697737297875247,4,0.019,False
377,378,183.04655138260483,213,0.009697737297875247,4,0.019,False
378,379,226.88805323605757,219,0.009697737297875247,4,0.018,False
379,380,270.4889185143516,227,0.009697737297875247,4,0.018,False
380,381,364.1829309239055,249,0.009697737297875247,4,0.018,False
381,382,152.80157083107395,210,0.009697737297875247,4,0.018,False
382,383,247.10493009751644,223,0.009697737297875247,4,0.018,False
383,384,236.08725350254664,221,0.009697737297875247,4,0.018,False
384,385,126.0554835206304,208,0.009697737297875247,4,0.018,False
385,386,209.57702329038565,217,0.009697737297875247,4,0.018,False
386,387,290.5229485689664,203,0.009697737297875247,4,0.018,False
387,388,395.37527759581565,168,0.009697737297875247,4,0.021,True
388,389,444.07865429926886,177,0.009697737297875247,4,0.023,True
389,390,165.31440398714608,211,0.009697737297875247,4,0.023,False
390,391,324.7058124079951,243,0.009697737297875247,4,0.023,False
391,392,196.8183723936962,215,0.009697737297875247,4,0.023,False
392,393,324.56538663374954,242,0.009697737297875247,4,0.023,False
393,394,223.81980346099718,219,0.009697737297875247,4,0.023,False
394,395,223.3612167609912,219,0.009697737297875247,4,0.023,False
395,396,364.30823114244293,251,0.009697737297875247,4,0.023,False
396,397,160.86773656818536,211,0.009697737297875247,4,0.023,False
397,398,223.37796806923998,219,0.009697737297875247,4,0.023,False
398,399,275.5862459866899,201,0.009697737297875247,4,0.023,False
399,400,217.7055649623826,218,0.009697737297875247,4,0.022,False
400,401,188.11518444344387,214,0.009697737297875247,4,0.022,False
401,402,363.9529417316432,251,0.009697737297875247,4,0.022,False
402,403,251.93347869446131,224,0.009697737297875247,4,0.022,False
403,404,146.08386180907826,210,0.009697737297875247,4,0.022,False
404,405,297.7125487447132,234,0.009697737297875247,4,0.022,False
405,406,213.87975661242362,217,0.009697737297875247,4,0.022,False
406,407,226.00296915816708,219,0.009697737297875247,4,0.022,False
407,408,214.5361054457322,217,0.009697737297875247,4,0.022,False
408,409,135.1323201196296,209,0.009697737297875247,4,0.022,False
409,410,180.27427732046914,213,0.009697737297875247,4,0.022,False
410,411,151.73086357527052,210,0.009697737297875247,4,0.022,False
411,412,242.72832941439685,222,0.009697737297875247,4,0.022,False
412,413,171.7314145141687,212,0.009697737297875247,4,0.022,False
413,414,204.2721364523806,216,0.009697737297875247,4,0.022,False
414,415,280.21797081250713,203,0.009697737297875247,4,0.022,False
415,416,137.06100068910152,209,0.009697737297875247,4,0.022,False
416,417,340.253195891253,249,0.009697737297875247,4,0.022,False
417,418,144.72187313393212,209,0.009697737297875247,4,0.022,False
418,419,316.69807847990865,240,0.009697737297875247,4,0.021,False
419,420,220.35194616699573,218,0.009697737297875247,4,0.021,False
420,421,364.5463185803036,249,0.009697737297875247,4,0.021,False
421,422,297.3554533459186,234,0.009697737297875247,4,0.021,False
422,423,297.157108565117,234,0.009697737297875247,4,0.021,False
423,424,323.3108965371873,242,0.009697737297875247,4,0.021,False
424,425,147.11209076404327,210,0.009697737297875247,4,0.021,False
425,426,164.6434928311703,211,0.009697737297875247,4,0.021,False
426,427,234.7439334532739,221,0.009697737297875247,4,0.021,False
427,428,178.36604355140574,213,0.009697737297875247,4,0.021,False
428,429,290.28711484549586,204,0.009697737297875247,4,0.021,False
429,430,313.9784458502194,239,0.009697737297875247,4,0.021,False
430,431,132.87881674137594,208,0.009697737297875247,4,0.021,False
431,432,247.96149314697232,223,0.009697737297875247,4,0.021,False
432,433,278.98966059940847,229,0.009697737297875247,4,0.021,False
433,434,295.26999613919446,233,0.009697737297875247,4,0.021,False
434,435,219.68748736042744,218,0.009697737297875247,4,0.021,False
435,436,149.07409125653783,210,0.009697737297875247,4,0.021,False
436,437,256.7158223481236,225,0.009697737297875247,4,0.021,False
437,438,257.386214568978,225,0.009697737297875247,4,0.021,False
438,439,279.0670622144944,202,0.009697737297875247,4,0.021,False
439,440,126.52926025098994,208,0.009697737297875247,4,0.02,False
440,441,206.78438911421674,216,0.009697737297875247,4,0.02,False
441,442,325.1752429774963,243,0.009697737297875247,4,0.02,False
442,443,213.8160227874874,217,0.009697737297875247,4,0.02,False
443,444,297.5632154990684,234,0.009697737297875247,4,0.02,False
444,445,130.4799499716492,208,0.009697737297875247,4,0.02,False
445,446,302.5586284937795,79,0.009697737297875247,4,0.022,True
446,447,231.42492609925085,220,0.009697737297875247,4,0.022,False
447,448,332.9077678240633,246,0.009697737297875247,4,0.022,False
448,449,304.6407381164373,236,0.009697737297875247,4,0.022,False
449,450,287.823155670264,207,0.009697737297875247,4,0.022,False
450,451,146.9290447857055,210,0.009697737297875247,4,0.022,False
451,452,287.7831817537064,231,0.009697737297875247,4,0.022,False
452,453,364.8356918499808,248,0.009697737297875247,4,0.022,False
453,454,281.79887890052646,204,0.009697737297875247,4,0.022,False
454,455,299.458947583538,235,0.009697737297875247,4,0.022,False
455,456,177.947747087429,213,0.009697737297875247,4,0.022,False
456,457,364.32245797002713,249,0.009697737297875247,4,0.022,False
457,458,289.98786652283763,206,0.009697737297875247,4,0.022,False
458,459,151.56330912532565,210,0.009697737297875247,4,0.022,False
459,460,288.4106375309753,232,0.009697737297875247,4,0.022,False
460,461,250.620661188982,223,0.009697737297875247,4,0.022,False
461,462,364.1599921229298,249,0.009697737297875247,4,0.022,False
462,463,234.73131218247565,221,0.009697737297875247,4,0.022,False
463,464,181.32741046171856,213,0.009697737297875247,4,0.022,False
464,465,255.55665839803387,224,0.009697737297875247,4,0.022,False
465,466,188.52004534054998,214,0.009697737297875247,4,0.021,False
466,467,290.1781162110159,203,0.009697737297875247,4,0.021,False
467,468,364.9521724506284,249,0.009697737297875247,4,0.021,False
468,469,171.11714940251534,212,0.009697737297875247,4,0.021,False
469,470,143.69624847775546,209,0.009697737297875247,4,0.021,False
470,471,311.9346096148829,238,0.009697737297875247,4,0.021,False
471,472,154.84714384520328,210,0.009697737297875247,4,0.021,False
472,473,263.60351846693646,226,0.009697737297875247,4,0.021,False
473,474,290.984394059051,200,0.009697737297875247,4,0.021,False
474,475,293.4184589259703,233,0.009697737297875247,4,0.021,False
475,476,306.0951404876379,236,0.009697737297875247,4,0.021,False
476,477,325.53201109680526,243,0.009697737297875247,4,0.021,False
477,478,274.8868369332804,228,0.009697737297875247,4,0.021,False
478,479,290.3275584734047,202,0.009697737297875247,4,0.021,False
479,480,212.31854132721364,217,0.009697737297875247,4,0.021,False
480,481,364.7747358725409,249,0.009697737297875247,4,0.021,False
481,482,191.70434584113394,214,0.009697737297875247,4,0.021,False
482,483,150.60149606934272,210,0.009697737297875247,4,0.021,False
483,484,280.7854806534595,230,0.009697737297875247,4,0.021,False
484,485,296.2098508487919,234,0.009697737297875247,4,0.021,False
485,486,296.69419371613014,234,0.009697737297875247,4,0.021,False
486,487,288.64643336531753,207,0.009697737297875247,4,0.021,False
487,488,331.1546880477982,245,0.009697737297875247,4,0.02,False
488,489,322.07437346571237,242,0.009697737297875247,4,0.02,False
489,490,215.43435364445304,218,0.009697737297875247,4,0.02,False
490,491,236.28668071373815,221,0.009697737297875247,4,0.02,False
491,492,319.7323225294878,241,0.009697737297875247,4,0.02,False
492,493,301.3400520176799,235,0.009697737297875247,4,0.02,False
493,494,151.79350617282023,210,0.009697737297875247,4,0.02,False
494,495,183.48108357747248,213,0.009697737297875247,4,0.02,False
495,496,293.2455555470542,233,0.009697737297875247,4,0.02,False
496,497,364.5702274865473,250,0.009697737297875247,4,0.02,False
497,498,364.48790665706645,249,0.009697737297875247,4,0.02,False
498,499,142.56690865830157,209,0.009697737297875247,4,0.02,False
499,500,274.5198195511939,228,0.009697737297875247,4,0.02,False
500,501,160.3390336774521,211,0.009697737297875247,4,0.02,False
501,502,291.07682304466164,201,0.009697737297875247,4,0.02,False
502,503,147.2665623637148,210,0.009697737297875247,4,0.02,False
503,504,202.36308209863472,216,0.009697737297875247,4,0.02,False
504,505,299.24674985856086,235,0.009697737297875247,4,0.02,False
505,506,339.8341797830247,248,0.009697737297875247,4,0.02,False
506,507,364.64680964341414,248,0.009697737297875247,4,0.02,False
507,508,145.38811818993406,210,0.009697737297875247,4,0.02,False
508,509,236.43426613903122,221,0.009697737297875247,4,0.02,False
509,510,135.45991665694734,209,0.009697737297875247,4,0.02,False
510,511,172.87376841845673,212,0.009697737297875247,4,0.02,False
511,512,291.1819717683831,200,0.009697737297875247,4,0.02,False
512,513,364.94726228518437,249,0.009697737297875247,4,0.02,False
513,514,197.37487996500553,215,0.009697737297875247,4,0.02,False
514,515,183.29753493469167,213,0.009697737297875247,4,0.02,False
515,516,231.73097608899099,220,0.009697737297875247,4,0.02,False
516,517,251.53647525532267,224,0.009697737297875247,4,0.02,False
517,518,239.63193101640192,221,0.009697737297875247,4,0.02,False
518,519,258.35981156327745,225,0.009697737297875247,4,0.02,False
519,520,321.1372586987621,241,0.009697737297875247,4,0.02,False
520,521,181.5263228232389,213,0.009697737297875247,4,0.02,False
521,522,130.78334649313462,208,0.009697737297875247,4,0.02,False
522,523,323.5791178505867,242,0.009697737297875247,4,0.02,False
523,524,213.91982556057027,217,0.009697737297875247,4,0.02,False
524,525,204.33459735580817,216,0.009697737297875247,4,0.02,False
525,526,290.20428890632485,204,0.009697737297875247,4,0.02,False
526,527,208.70907413014777,217,0.009697737297875247,4,0.02,False
527,528,204.46061151163866,216,0.009697737297875247,4,0.02,False
528,529,171.69411131940126,212,0.009697737297875247,4,0.02,False
529,530,363.6957872007976,251,0.009697737297875247,4,0.02,False
530,531,155.50382553056247,210,0.009697737297875247,4,0.02,False
531,532,130.51393977571848,208,0.009697737297875247,4,0.02,False
532,533,126.61279222798755,208,0.009697737297875247,4,0.02,False
533,534,215.92212184994696,218,0.009697737297875247,4,0.02,False
534,535,251.67297437748618,224,0.009697737297875247,4,0.02,False
535,536,146.282993277331,210,0.009697737297875247,4,0.02,False
536,537,191.17860080368104,214,0.009697737297875247,4,0.02,False
537,538,155.37563567641322,210,0.009697737297875247,4,0.02,False
538,539,290.04634914035,205,0.009697737297875247,4,0.02,False
539,540,364.54027289291867,250,0.009697737297875247,4,0.02,False
540,541,300.3105628552146,235,0.009697737297875247,4,0.02,False
541,542,194.595681900333,215,0.009697737297875247,4,0.02,False
542,543,161.45992981430595,211,0.009697737297875247,4,0.02,False
543,544,230.7565579141081,220,0.009697737297875247,4,0.02,False
544,545,297.48773184950676,234,0.009697737297875247,4,0.02,False
545,546,276.77431460479283,201,0.009697737297875247,4,0.02,False
546,547,299.65137621917506,235,0.009697737297875247,4,0.02,False
547,548,174.2502011672956,212,0.009697737297875247,4,0.02,False
548,549,264.31514249294395,226,0.009697737297875247,4,0.02,False
549,550,292.10053930075355,233,0.009697737297875247,4,0.02,False
550,551,165.67535879760385,211,0.009697737297875247,4,0.02,False
551,552,238.47822410075443,221,0.009697737297875247,4,0.02,False
552,553,158.440021107823,211,0.009697737297875247,4,0.02,False
553,554,301.5367215659933,235,0.009697737297875247,4,0.02,False
554,555,224.52562532389985,219,0.009697737297875247,4,0.02,False
555,556,142.82672301113186,209,0.009697737297875247,4,0.02,False
556,557,187.3554542391443,214,0.009697737297875247,4,0.02,False
557,558,139.21536422156484,209,0.009697737297875247,4,0.02,False
558,559,206.5121201689528,216,0.009697737297875247,4,0.02,False
559,560,480.64645509676797,188,0.009697737297875247,4,0.02,True
560,561,303.92736476541006,236,0.009697737297875247,4,0.02,False
561,562,167.68150917337027,212,0.009697737297875247,4,0.02,False
562,563,180.53323460369126,213,0.009697737297875247,4,0.02,False
563,564,135.5061672921524,209,0.009697737297875247,4,0.02,False
564,565,275.29890880533185,228,0.009697737297875247,4,0.02,False
565,566,364.2296745489354,251,0.009697737297875247,4,0.02,False
566,567,297.91857503118206,234,0.009697737297875247,4,0.02,False
567,568,298.0195097418267,234,0.009697737297875247,4,0.02,False
568,569,169.2607878874229,212,0.009697737297875247,4,0.02,False
569,570,308.7901975262035,237,0.009697737297875247,4,0.02,False
570,571,192.06575984061914,214,0.009697737297875247,4,0.02,False
571,572,228.67839099865506,220,0.009697737297875247,4,0.02,False
572,573,323.2434784679033,242,0.009697737297875247,4,0.02,False
573,574,290.78554241685214,200,0.009697737297875247,4,0.02,False
574,575,232.48159076368012,220,0.009697737297875247,4,0.02,False
575,576,293.9650089181841,233,0.009697737297875247,4,0.02,False
576,577,316.46718129829947,240,0.009697737297875247,4,0.02,False
577,578,229.09010910527996,220,0.009697737297875247,4,0.02,False
578,579,252.57315652472005,224,0.009697737297875247,4,0.02,False
579,580,365.0339053430597,249,0.009697737297875247,4,0.02,False
580,581,185.76673627994154,214,0.009697737297875247,4,0.02,False
581,582,248.980501399451,223,0.009697737297875247,4,0.02,False
582,583,282.1349562520043,230,0.009697737297875247,4,0.02,False
583,584,139.2262190818487,209,0.009697737297875247,4,0.02,False
584,585,255.07523932775928,224,0.009697737297875247,4,0.02,False
585,586,379.1508377745397,166,0.009697737297875247,4,0.02,True
586,587,231.87819676034252,220,0.009697737297875247,4,0.02,False
587,588,233.4683644722898,220,0.009697737297875247,4,0.02,False
588,589,240.28783895825893,222,0.009697737297875247,4,0.02,False
589,590,157.65652681468623,211,0.009697737297875247,4,0.02,False
590,591,289.91123610232046,206,0.009697737297875247,4,0.02,False
591,592,249.04870284207846,223,0.009697737297875247,4,0.02,False
592,593,231.91600132425066,220,0.009697737297875247,4,0.02,False
593,594,133.26635572162473,208,0.009697737297875247,4,0.02,False
594,595,158.38563295140034,211,0.009697737297875247,4,0.02,False
595,596,363.68978657303404,251,0.009697737297875247,4,0.02,False
596,597,263.84832046993523,226,0.009697737297875247,4,0.02,False
597,598,333.2448216714606,246,0.009697737297875247,4,0.02,False
598,599,318.41917079923473,240,0.009697737297875247,4,0.02,False
599,600,285.7031553867038,231,0.009697737297875247,4,0.02,False
600,601,46.31695437285523,202,0.009697737297875247,7,0.014,False
